Մարզ	Հաշմանդամներ ընդհանուր	Հաշմանդամների տոկոսը	Հաշմանդամներ արական	Հաշմանդամներ իգական	Հաշմանդամ երեխա ընդհանուր	Հաշմանդամ երեխա %	Հաշմանդամ երեխա արական	Հաշմանդամ երեխա իգական	Բնակչության թիվը ըստ մարզերի	Ընդհանուր բնակչություն %	Մինչև 18տ. ընդհանուր	Մինչև 18տ. %	Խումբ 1 ընդհանուր	Խումբ 1 արական	Խումբ 1 իգական	Խումբ 2 ընդհանուր	Խումբ 2 արական	Խումբ 2 իգական	Խումբ 3 ընդհանուր	Խումբ 3 արական	Խումբ 3 իգական
Վայոց Ձոր	4468	9	2167	2301	133	1.1	98	35	49800	9.00%	12560	1.10%	150	88	62	1567	827	740	2618	1154	1464
Լոռի	20176	9.3	10005	10171	779	1.3	530	249	217800	9.30%	59148	1.30%	825	475	350	7623	3820	3803	10949	5180	5769
Սյունիք	11006	7.9	5660	5346	380	1.1	234	146	138600	7.90%	33780	1.10%	470	268	202	4057	2297	1760	6099	2861	3238
Գեղարքունիք	17620	7.7	9221	8399	686	1.1	495	191	229200	7.70%	62929	1.10%	781	488	293	6473	3545	2928	9680	4693	4987
Շիրակ	18626	7.9	9293	9333	816	1.3	550	266	236300	7.90%	63224	1.30%	747	402	345	7166	3912	3254	9897	4429	5468
Արարատ	18511	7.2	9556	8955	904	1.3	648	256	257400	7.20%	69457	1.30%	963	543	420	6413	3582	2831	10231	4783	5448
Տավուշ	8293	6.7	4179	4114	315	1	212	103	123400	6.70%	32267	1.00%	372	234	138	3352	1707	1645	4254	2026	2228
Արագածոտն	8545	6.7	4671	3874	387	1.1	276	111	127900	6.70%	35367	1.10%	422	247	175	3417	1913	1504	4319	2235	2084
Կոտայք	14381	5.7	7966	6415	772	1.1	510	262	250700	5.70%	68625	1.10%	634	384	250	4977	2854	2123	7998	4218	3780
Երևան	58662	5.4	30412	28250	2345	0.9	1606	739	1076400	5.40%	259348	0.90%	3893	2177	1716	23013	12157	10856	29411	14472	14939
Արմավիր	13144	5	7445	5699	716	1	480	236	265400	5.00%	70059	1.00%	648	389	259	4765	2837	1928	7015	3739	3276
Ընդհանուր	193432	6.5	100575	92857	8233	1.1	5639	2594	2972900	6.50%	766764	1.10%	9905	5695	4210	72823	39451	33372	102471	49790	52681
